$average.cal
$02/14/2012
$12:30:56
$this is a comment
$1
$0.030
$0.647
$0.100
 28.486 28.795 -49.214 26.138 26.866 0 0
 28.487 25.366 -49.214 26.213 23.758 0 0
 28.487 22.120 -49.215 26.280 20.791 0 0
 28.487 19.027 -49.215 26.338 17.944 0 0
 28.487 16.059 -49.215 26.388 15.196 0 0
 28.487 13.193 -49.216 26.431 12.530 0 0
 28.487 10.409 -49.216 26.465 9.929 0 0
 28.488 7.686 -49.216 26.490 7.381 0 0
 28.488 5.009 -49.216 26.508 4.870 0 0
 28.488 2.361 -49.217 26.517 2.383 0 0
 28.488 -0.274 -49.217 26.517 -0.090 0 0
 28.488 -2.910 -49.217 26.509 -2.564 0 0
 28.488 -5.564 -49.218 26.493 -5.050 0 0
 28.489 -8.249 -49.218 26.468 -7.560 0 0
 28.489 -10.983 -49.218 26.435 -10.109 0 0
 28.489 -13.784 -49.219 26.394 -12.710 0 0
 28.489 -16.669 -49.219 26.345 -15.377 0 0
 28.489 -19.661 -49.219 26.287 -18.129 0 0
 28.489 -22.784 -49.219 26.222 -20.983 0 0
 28.490 -26.066 -49.220 26.150 -23.961 0 0
 28.490 -29.540 -49.220 26.070 -27.087 0 0
 25.096 28.791 -49.207 23.081 26.869 0 0
 25.096 25.362 -49.207 23.149 23.762 0 0
 25.097 22.117 -49.207 23.210 20.797 0 0
 25.097 19.024 -49.208 23.263 17.950 0 0
 25.097 16.057 -49.208 23.309 15.203 0 0
 25.097 13.191 -49.208 23.348 12.538 0 0
 25.097 10.407 -49.208 23.379 9.939 0 0
 25.097 7.685 -49.209 23.402 7.391 0 0
 25.097 5.008 -49.209 23.418 4.880 0 0
 25.098 2.360 -49.209 23.426 2.395 0 0
 25.098 -0.274 -49.210 23.427 -0.078 0 0
 25.098 -2.910 -49.210 23.419 -2.551 0 0
 25.098 -5.563 -49.210 23.405 -5.036 0 0
 25.098 -8.248 -49.210 23.382 -7.546 0 0
 25.098 -10.982 -49.211 23.352 -10.094 0 0
 25.099 -13.781 -49.211 23.315 -12.694 0 0
 25.099 -16.667 -49.211 23.270 -15.361 0 0
 25.099 -19.658 -49.212 23.218 -18.112 0 0
 25.099 -22.781 -49.212 23.159 -20.966 0 0
 25.099 -26.062 -49.212 23.093 -23.944 0 0
 25.099 -29.535 -49.212 23.021 -27.069 0 0
 21.886 28.787 -49.199 20.172 26.870 0 0
 21.886 25.358 -49.199 20.233 23.764 0 0
 21.886 22.113 -49.200 20.287 20.800 0 0
 21.886 19.021 -49.200 20.335 17.954 0 0
 21.886 16.054 -49.200 20.376 15.208 0 0
 21.886 13.189 -49.201 20.411 12.544 0 0
 21.887 10.405 -49.201 20.438 9.945 0 0
 21.887 7.684 -49.201 20.459 7.398 0 0
 21.887 5.007 -49.202 20.474 4.889 0 0
 21.887 2.360 -49.202 20.481 2.404 0 0
 21.887 -0.274 -49.202 20.481 -0.068 0 0
 21.887 -2.910 -49.202 20.475 -2.541 0 0
 21.887 -5.562 -49.203 20.462 -5.025 0 0
 21.887 -8.247 -49.203 20.442 -7.535 0 0
 21.888 -10.980 -49.203 20.416 -10.082 0 0
 21.888 -13.779 -49.204 20.382 -12.682 0 0
 21.888 -16.664 -49.204 20.342 -15.348 0 0
 21.888 -19.655 -49.204 20.296 -18.099 0 0
 21.888 -22.777 -49.204 20.243 -20.953 0 0
 21.888 -26.058 -49.205 20.185 -23.930 0 0
 21.888 -29.531 -49.205 20.121 -27.055 0 0
 18.824 28.782 -49.192 17.385 26.870 0 0
 18.824 25.354 -49.192 17.439 23.765 0 0
 18.825 22.110 -49.192 17.487 20.801 0 0
 18.825 19.018 -49.193 17.529 17.957 0 0
 18.825 16.052 -49.193 17.565 15.211 0 0
 18.825 13.187 -49.193 17.595 12.548 0 0
 18.825 10.404 -49.193 17.620 9.950 0 0
 18.825 7.683 -49.194 17.638 7.403 0 0
 18.825 5.007 -49.194 17.651 4.894 0 0
 18.825 2.360 -49.194 17.657 2.410 0 0
 18.825 -0.274 -49.195 17.658 -0.062 0 0
 18.826 -2.909 -49.195 17.653 -2.533 0 0
 18.826 -5.561 -49.195 17.641 -5.017 0 0
 18.826 -8.245 -49.195 17.624 -7.526 0 0
 18.826 -10.978 -49.196 17.601 -10.073 0 0
 18.826 -13.777 -49.196 17.572 -12.672 0 0
 18.826 -16.662 -49.196 17.537 -15.339 0 0
 18.826 -19.652 -49.197 17.497 -18.089 0 0
 18.826 -22.774 -49.197 17.452 -20.942 0 0
 18.826 -26.054 -49.197 17.401 -23.919 0 0
 18.827 -29.526 -49.197 17.345 -27.045 0 0
 15.886 28.778 -49.184 14.700 26.868 0 0
 15.886 25.350 -49.185 14.746 23.764 0 0
 15.886 22.106 -49.185 14.787 20.802 0 0
 15.886 19.015 -49.185 14.823 17.958 0 0
 15.886 16.049 -49.185 14.854 15.213 0 0
 15.886 13.185 -49.186 14.881 12.550 0 0
 15.886 10.402 -49.186 14.902 9.953 0 0
 15.886 7.681 -49.186 14.918 7.407 0 0
 15.886 5.006 -49.187 14.929 4.898 0 0
 15.887 2.359 -49.187 14.935 2.415 0 0
 15.887 -0.274 -49.187 14.935 -0.057 0 0
 15.887 -2.909 -49.187 14.931 -2.528 0 0
 15.887 -5.560 -49.188 14.922 -5.011 0 0
 15.887 -8.244 -49.188 14.907 -7.520 0 0
 15.887 -10.977 -49.188 14.888 -10.066 0 0
 15.887 -13.775 -49.189 14.863 -12.665 0 0
 15.887 -16.659 -49.189 14.834 -15.331 0 0
 15.887 -19.649 -49.189 14.800 -18.081 0 0
 15.887 -22.771 -49.189 14.762 -20.934 0 0
 15.887 -26.050 -49.190 14.719 -23.911 0 0
 15.888 -29.522 -49.190 14.672 -27.036 0 0
 13.047 28.774 -49.177 12.098 26.866 0 0
 13.047 25.346 -49.177 12.136 23.763 0 0
 13.047 22.103 -49.177 12.170 20.801 0 0
 13.047 19.012 -49.178 12.200 17.957 0 0
 13.047 16.047 -49.178 12.226 15.213 0 0
 13.047 13.183 -49.178 12.248 12.551 0 0
 13.047 10.401 -49.178 12.266 9.954 0 0
 13.047 7.680 -49.179 12.280 7.408 0 0
 13.048 5.005 -49.179 12.289 4.900 0 0
 13.048 2.359 -49.179 12.294 2.417 0 0
 13.048 -0.274 -49.180 12.295 -0.053 0 0
 13.048 -2.908 -49.180 12.292 -2.524 0 0
 13.048 -5.559 -49.180 12.285 -5.007 0 0
 13.048 -8.243 -49.180 12.273 -7.515 0 0
 13.048 -10.975 -49.181 12.257 -10.061 0 0
 13.048 -13.773 -49.181 12.238 -12.660 0 0
 13.048 -16.656 -49.181 12.214 -15.325 0 0
 13.048 -19.646 -49.182 12.186 -18.075 0 0
 13.048 -22.767 -49.182 12.155 -20.927 0 0
 13.048 -26.046 -49.182 12.121 -23.904 0 0
 13.048 -29.517 -49.183 12.083 -27.029 0 0
 10.288 28.769 -49.169 9.561 26.863 0 0
 10.288 25.342 -49.170 9.592 23.760 0 0
 10.288 22.100 -49.170 9.619 20.799 0 0
 10.288 19.009 -49.170 9.643 17.956 0 0
 10.288 16.044 -49.170 9.664 15.212 0 0
 10.288 13.181 -49.171 9.682 12.550 0 0
 10.288 10.399 -49.171 9.696 9.954 0 0
 10.288 7.679 -49.171 9.707 7.409 0 0
 10.288 5.004 -49.172 9.715 4.901 0 0
 10.288 2.358 -49.172 9.720 2.419 0 0
 10.288 -0.274 -49.172 9.721 -0.052 0 0
 10.289 -2.908 -49.172 9.719 -2.522 0 0
 10.289 -5.559 -49.173 9.713 -5.005 0 0
 10.289 -8.242 -49.173 9.705 -7.512 0 0
 10.289 -10.973 -49.173 9.693 -10.058 0 0
 10.289 -13.771 -49.174 9.678 -12.656 0 0
 10.289 -16.654 -49.174 9.660 -15.321 0 0
 10.289 -19.643 -49.174 9.639 -18.070 0 0
 10.289 -22.764 -49.174 9.615 -20.923 0 0
 10.289 -26.043 -49.175 9.589 -23.899 0 0
 10.289 -29.513 -49.175 9.561 -27.024 0 0
 7.590 28.765 -49.162 7.076 26.859 0 0
 7.590 25.339 -49.162 7.099 23.757 0 0
 7.590 22.096 -49.162 7.119 20.796 0 0
 7.590 19.007 -49.163 7.137 17.953 0 0
 7.590 16.042 -49.163 7.153 15.210 0 0
 7.590 13.179 -49.163 7.166 12.548 0 0
 7.590 10.397 -49.163 7.177 9.952 0 0
 7.591 7.678 -49.164 7.186 7.408 0 0
 7.591 5.004 -49.164 7.192 4.901 0 0
 7.591 2.358 -49.164 7.196 2.419 0 0
 7.591 -0.274 -49.165 7.198 -0.051 0 0
 7.591 -2.907 -49.165 7.197 -2.521 0 0
 7.591 -5.558 -49.165 7.193 -5.003 0 0
 7.591 -8.240 -49.166 7.187 -7.510 0 0
 7.591 -10.972 -49.166 7.179 -10.056 0 0
 7.591 -13.769 -49.166 7.169 -12.653 0 0
 7.591 -16.651 -49.166 7.157 -15.318 0 0
 7.591 -19.640 -49.167 7.143 -18.067 0 0
 7.591 -22.760 -49.167 7.126 -20.919 0 0
 7.591 -26.039 -49.167 7.109 -23.895 0 0
 7.591 -29.508 -49.168 7.089 -27.020 0 0
 4.937 28.760 -49.154 4.628 26.855 0 0
 4.937 25.335 -49.155 4.643 23.752 0 0
 4.937 22.093 -49.155 4.656 20.791 0 0
 4.937 19.004 -49.155 4.668 17.949 0 0
 4.937 16.040 -49.155 4.679 15.206 0 0
 4.937 13.177 -49.156 4.688 12.545 0 0
 4.937 10.396 -49.156 4.696 9.950 0 0
 4.937 7.677 -49.156 4.702 7.406 0 0
 4.938 5.003 -49.157 4.706 4.899 0 0
 4.938 2.358 -49.157 4.709 2.418 0 0
 4.938 -0.274 -49.157 4.711 -0.052 0 0
 4.938 -2.907 -49.157 4.711 -2.521 0 0
 4.938 -5.557 -49.158 4.710 -5.003 0 0
 4.938 -8.239 -49.158 4.707 -7.510 0 0
 4.938 -10.970 -49.158 4.703 -10.054 0 0
 4.938 -13.767 -49.159 4.698 -12.651 0 0
 4.938 -16.649 -49.159 4.691 -15.316 0 0
 4.938 -19.637 -49.159 4.683 -18.065 0 0
 4.938 -22.757 -49.159 4.675 -20.916 0 0
 4.938 -26.035 -49.160 4.665 -23.892 0 0
 4.938 -29.504 -49.160 4.656 -27.016 0 0
 2.313 28.756 -49.147 2.204 26.849 0 0
 2.313 25.331 -49.147 2.211 23.747 0 0
 2.313 22.090 -49.147 2.217 20.786 0 0
 2.313 19.001 -49.148 2.223 17.944 0 0
 2.313 16.037 -49.148 2.229 15.202 0 0
 2.313 13.175 -49.148 2.233 12.541 0 0
 2.313 10.394 -49.149 2.238 9.946 0 0
 2.313 7.676 -49.149 2.241 7.403 0 0
 2.313 5.002 -49.149 2.244 4.896 0 0
 2.313 2.357 -49.149 2.247 2.415 0 0
 2.313 -0.274 -49.150 2.249 -0.054 0 0
 2.313 -2.907 -49.150 2.250 -2.523 0 0
 2.313 -5.556 -49.150 2.251 -5.004 0 0
 2.313 -8.238 -49.151 2.251 -7.510 0 0
 2.313 -10.968 -49.151 2.251 -10.054 0 0
 2.313 -13.765 -49.151 2.250 -12.651 0 0
 2.314 -16.646 -49.151 2.249 -15.315 0 0
 2.314 -19.634 -49.152 2.248 -18.063 0 0
 2.314 -22.753 -49.152 2.247 -20.914 0 0
 2.314 -26.031 -49.152 2.246 -23.890 0 0
 2.314 -29.499 -49.153 2.246 -27.014 0 0
 -0.297 28.752 -49.139 -0.209 26.842 0 0
 -0.297 25.327 -49.140 -0.210 23.740 0 0
 -0.297 22.086 -49.140 -0.210 20.780 0 0
 -0.297 18.998 -49.140 -0.210 17.938 0 0
 -0.297 16.035 -49.140 -0.210 15.196 0 0
 -0.297 13.173 -49.141 -0.210 12.536 0 0
 -0.297 10.393 -49.141 -0.209 9.941 0 0
 -0.297 7.674 -49.141 -0.208 7.398 0 0
 -0.297 5.001 -49.142 -0.206 4.892 0 0
 -0.297 2.357 -49.142 -0.204 2.412 0 0
 -0.297 -0.274 -49.142 -0.202 -0.057 0 0
 -0.297 -2.906 -49.142 -0.200 -2.525 0 0
 -0.297 -5.555 -49.143 -0.197 -5.006 0 0
 -0.297 -8.237 -49.143 -0.194 -7.512 0 0
 -0.297 -10.967 -49.143 -0.190 -10.056 0 0
 -0.297 -13.763 -49.144 -0.186 -12.652 0 0
 -0.297 -16.644 -49.144 -0.181 -15.315 0 0
 -0.297 -19.631 -49.144 -0.176 -18.063 0 0
 -0.297 -22.750 -49.144 -0.169 -20.913 0 0
 -0.297 -26.027 -49.145 -0.161 -23.888 0 0
 -0.297 -29.495 -49.145 -0.152 -27.012 0 0
 -2.908 28.747 -49.132 -2.623 26.834 0 0
 -2.908 25.323 -49.132 -2.631 23.732 0 0
 -2.908 22.083 -49.132 -2.639 20.772 0 0
 -2.908 18.995 -49.133 -2.645 17.931 0 0
 -2.908 16.032 -49.133 -2.650 15.189 0 0
 -2.908 13.171 -49.133 -2.654 12.529 0 0
 -2.908 10.391 -49.134 -2.656 9.935 0 0
 -2.908 7.673 -49.134 -2.658 7.392 0 0
 -2.908 5.000 -49.134 -2.658 4.887 0 0
 -2.908 2.357 -49.134 -2.657 2.407 0 0
 -2.908 -0.274 -49.135 -2.654 -0.061 0 0
 -2.908 -2.906 -49.135 -2.651 -2.529 0 0
 -2.908 -5.554 -49.135 -2.646 -5.009 0 0
 -2.908 -8.235 -49.136 -2.640 -7.514 0 0
 -2.908 -10.965 -49.136 -2.632 -10.058 0 0
 -2.908 -13.760 -49.136 -2.623 -12.653 0 0
 -2.908 -16.641 -49.136 -2.613 -15.316 0 0
 -2.908 -19.628 -49.137 -2.600 -18.064 0 0
 -2.908 -22.746 -49.137 -2.586 -20.914 0 0
 -2.908 -26.023 -49.137 -2.570 -23.888 0 0
 -2.908 -29.490 -49.138 -2.552 -27.011 0 0
 -5.534 28.743 -49.124 -5.050 26.824 0 0
 -5.534 25.319 -49.125 -5.066 23.723 0 0
 -5.535 22.080 -49.125 -5.081 20.763 0 0
 -5.535 18.992 -49.125 -5.093 17.922 0 0
 -5.535 16.030 -49.125 -5.103 15.181 0 0
 -5.535 13.169 -49.126 -5.111 12.521 0 0
 -5.535 10.390 -49.126 -5.117 9.928 0 0
 -5.535 7.672 -49.126 -5.121 7.385 0 0
 -5.535 5.000 -49.127 -5.122 4.881 0 0
 -5.535 2.356 -49.127 -5.122 2.401 0 0
 -5.535 -0.274 -49.127 -5.119 -0.067 0 0
 -5.535 -2.905 -49.127 -5.115 -2.534 0 0
 -5.535 -5.553 -49.128 -5.108 -5.014 0 0
 -5.535 -8.234 -49.128 -5.099 -7.519 0 0
 -5.535 -10.963 -49.128 -5.087 -10.061 0 0
 -5.535 -13.758 -49.129 -5.073 -12.656 0 0
 -5.535 -16.639 -49.129 -5.057 -15.319 0 0
 -5.535 -19.625 -49.129 -5.039 -18.065 0 0
 -5.535 -22.743 -49.130 -5.017 -20.915 0 0
 -5.535 -26.019 -49.130 -4.992 -23.889 0 0
 -5.535 -29.486 -49.130 -4.964 -27.011 0 0
 -8.192 28.739 -49.117 -7.503 26.813 0 0
 -8.192 25.315 -49.117 -7.527 23.712 0 0
 -8.192 22.076 -49.117 -7.548 20.752 0 0
 -8.192 18.989 -49.118 -7.566 17.912 0 0
 -8.192 16.027 -49.118 -7.582 15.171 0 0
 -8.192 13.167 -49.118 -7.594 12.512 0 0
 -8.192 10.388 -49.119 -7.603 9.919 0 0
 -8.192 7.671 -49.119 -7.609 7.377 0 0
 -8.192 4.999 -49.119 -7.613 4.873 0 0
 -8.192 2.356 -49.119 -7.613 2.393 0 0
 -8.192 -0.274 -49.120 -7.610 -0.074 0 0
 -8.192 -2.905 -49.120 -7.604 -2.541 0 0
 -8.193 -5.553 -49.120 -7.595 -5.020 0 0
 -8.193 -8.233 -49.121 -7.583 -7.524 0 0
 -8.193 -10.962 -49.121 -7.568 -10.066 0 0
 -8.193 -13.756 -49.121 -7.550 -12.661 0 0
 -8.193 -16.636 -49.121 -7.528 -15.323 0 0
 -8.193 -19.622 -49.122 -7.503 -18.069 0 0
 -8.193 -22.739 -49.122 -7.474 -20.917 0 0
 -8.193 -26.015 -49.122 -7.441 -23.891 0 0
 -8.193 -29.481 -49.123 -7.403 -27.012 0 0
 -10.896 28.734 -49.109 -9.995 26.800 0 0
 -10.896 25.312 -49.110 -10.027 23.699 0 0
 -10.896 22.073 -49.110 -10.055 20.740 0 0
 -10.896 18.986 -49.110 -10.079 17.900 0 0
 -10.896 16.025 -49.110 -10.099 15.159 0 0
 -10.896 13.165 -49.111 -10.115 12.501 0 0
 -10.897 10.386 -49.111 -10.128 9.908 0 0
 -10.897 7.670 -49.111 -10.137 7.367 0 0
 -10.897 4.998 -49.112 -10.142 4.863 0 0
 -10.897 2.356 -49.112 -10.142 2.384 0 0
 -10.897 -0.274 -49.112 -10.140 -0.082 0 0
 -10.897 -2.904 -49.113 -10.133 -2.548 0 0
 -10.897 -5.552 -49.113 -10.122 -5.027 0 0
 -10.897 -8.232 -49.113 -10.107 -7.531 0 0
 -10.897 -10.960 -49.113 -10.088 -10.072 0 0
 -10.897 -13.754 -49.114 -10.065 -12.666 0 0
 -10.897 -16.634 -49.114 -10.038 -15.328 0 0
 -10.897 -19.619 -49.114 -10.006 -18.073 0 0
 -10.897 -22.736 -49.115 -9.969 -20.921 0 0
 -10.897 -26.011 -49.115 -9.928 -23.894 0 0
 -10.897 -29.477 -49.115 -9.882 -27.015 0 0
 -13.664 28.730 -49.102 -12.539 26.785 0 0
 -13.664 25.308 -49.102 -12.579 23.684 0 0
 -13.664 22.069 -49.102 -12.613 20.726 0 0
 -13.664 18.983 -49.103 -12.643 17.886 0 0
 -13.664 16.022 -49.103 -12.669 15.146 0 0
 -13.664 13.163 -49.103 -12.689 12.488 0 0
 -13.665 10.385 -49.104 -12.705 9.896 0 0
 -13.665 7.669 -49.104 -12.717 7.355 0 0
 -13.665 4.997 -49.104 -12.723 4.852 0 0
 -13.665 2.355 -49.104 -12.725 2.374 0 0
 -13.665 -0.274 -49.105 -12.721 -0.092 0 0
 -13.665 -2.904 -49.105 -12.714 -2.558 0 0
 -13.665 -5.551 -49.105 -12.701 -5.036 0 0
 -13.665 -8.230 -49.106 -12.683 -7.539 0 0
 -13.665 -10.958 -49.106 -12.661 -10.080 0 0
 -13.665 -13.752 -49.106 -12.633 -12.674 0 0
 -13.665 -16.631 -49.106 -12.600 -15.334 0 0
 -13.665 -19.616 -49.107 -12.562 -18.079 0 0
 -13.665 -22.732 -49.107 -12.518 -20.927 0 0
 -13.666 -26.007 -49.107 -12.469 -23.899 0 0
 -13.666 -29.472 -49.108 -12.414 -27.020 0 0
 -16.514 28.725 -49.094 -15.152 26.768 0 0
 -16.514 25.304 -49.095 -15.198 23.668 0 0
 -16.514 22.066 -49.095 -15.240 20.710 0 0
 -16.514 18.980 -49.095 -15.276 17.871 0 0
 -16.515 16.020 -49.096 -15.306 15.132 0 0
 -16.515 13.161 -49.096 -15.331 12.474 0 0
 -16.515 10.383 -49.096 -15.350 9.883 0 0
 -16.515 7.667 -49.096 -15.363 7.342 0 0
 -16.515 4.997 -49.097 -15.371 4.840 0 0
 -16.515 2.355 -49.097 -15.374 2.362 0 0
 -16.515 -0.273 -49.097 -15.371 -0.103 0 0
 -16.515 -2.903 -49.098 -15.362 -2.569 0 0
 -16.515 -5.550 -49.098 -15.347 -5.046 0 0
 -16.515 -8.229 -49.098 -15.327 -7.549 0 0
 -16.516 -10.956 -49.098 -15.301 -10.090 0 0
 -16.516 -13.750 -49.099 -15.269 -12.683 0 0
 -16.516 -16.629 -49.099 -15.231 -15.343 0 0
 -16.516 -19.614 -49.099 -15.186 -18.087 0 0
 -16.516 -22.729 -49.100 -15.136 -20.935 0 0
 -16.516 -26.003 -49.100 -15.078 -23.906 0 0
 -16.516 -29.468 -49.100 -15.014 -27.026 0 0
 -19.467 28.721 -49.087 -17.848 26.750 0 0
 -19.467 25.300 -49.087 -17.902 23.651 0 0
 -19.467 22.063 -49.087 -17.950 20.693 0 0
 -19.468 18.978 -49.088 -17.991 17.854 0 0
 -19.468 16.018 -49.088 -18.026 15.116 0 0
 -19.468 13.159 -49.088 -18.055 12.458 0 0
 -19.468 10.382 -49.089 -18.078 9.867 0 0
 -19.468 7.666 -49.089 -18.094 7.328 0 0
 -19.468 4.996 -49.089 -18.103 4.826 0 0
 -19.468 2.354 -49.089 -18.106 2.348 0 0
 -19.468 -0.273 -49.090 -18.103 -0.116 0 0
 -19.469 -2.903 -49.090 -18.093 -2.581 0 0
 -19.469 -5.549 -49.090 -18.077 -5.058 0 0
 -19.469 -8.228 -49.091 -18.054 -7.561 0 0
 -19.469 -10.955 -49.091 -18.025 -10.101 0 0
 -19.469 -13.748 -49.091 -17.988 -12.693 0 0
 -19.469 -16.626 -49.092 -17.945 -15.353 0 0
 -19.469 -19.611 -49.092 -17.895 -18.097 0 0
 -19.469 -22.726 -49.092 -17.837 -20.944 0 0
 -19.469 -25.999 -49.092 -17.772 -23.915 0 0
 -19.470 -29.463 -49.093 -17.700 -27.035 0 0
 -22.547 28.717 -49.079 -20.647 26.731 0 0
 -22.547 25.296 -49.080 -20.708 23.631 0 0
 -22.547 22.059 -49.080 -20.762 20.674 0 0
 -22.547 18.975 -49.080 -20.808 17.836 0 0
 -22.547 16.015 -49.081 -20.848 15.098 0 0
 -22.547 13.157 -49.081 -20.881 12.441 0 0
 -22.547 10.380 -49.081 -20.906 9.851 0 0
 -22.548 7.665 -49.081 -20.925 7.312 0 0
 -22.548 4.995 -49.082 -20.936 4.810 0 0
 -22.548 2.354 -49.082 -20.940 2.333 0 0
 -22.548 -0.273 -49.082 -20.937 -0.131 0 0
 -22.548 -2.903 -49.083 -20.926 -2.595 0 0
 -22.548 -5.548 -49.083 -20.908 -5.072 0 0
 -22.548 -8.226 -49.083 -20.883 -7.574 0 0
 -22.548 -10.953 -49.083 -20.850 -10.114 0 0
 -22.549 -13.746 -49.084 -20.810 -12.706 0 0
 -22.549 -16.623 -49.084 -20.762 -15.365 0 0
 -22.549 -19.608 -49.084 -20.706 -18.109 0 0
 -22.549 -22.722 -49.085 -20.642 -20.955 0 0
 -22.549 -25.995 -49.085 -20.570 -23.926 0 0
 -22.549 -29.459 -49.085 -20.489 -27.046 0 0
 -25.779 28.712 -49.072 -23.569 26.710 0 0
 -25.779 25.292 -49.072 -23.636 23.611 0 0
 -25.780 22.056 -49.072 -23.696 20.654 0 0
 -25.780 18.972 -49.073 -23.748 17.817 0 0
 -25.780 16.013 -49.073 -23.792 15.079 0 0
 -25.780 13.155 -49.073 -23.828 12.423 0 0
 -25.780 10.378 -49.074 -23.857 9.833 0 0
 -25.780 7.664 -49.074 -23.878 7.294 0 0
 -25.780 4.994 -49.074 -23.890 4.793 0 0
 -25.781 2.354 -49.075 -23.895 2.317 0 0
 -25.781 -0.273 -49.075 -23.892 -0.147 0 0
 -25.781 -2.902 -49.075 -23.881 -2.611 0 0
 -25.781 -5.548 -49.075 -23.861 -5.087 0 0
 -25.781 -8.225 -49.076 -23.834 -7.589 0 0
 -25.781 -10.951 -49.076 -23.798 -10.128 0 0
 -25.782 -13.744 -49.076 -23.754 -12.720 0 0
 -25.782 -16.621 -49.077 -23.702 -15.379 0 0
 -25.782 -19.605 -49.077 -23.641 -18.123 0 0
 -25.782 -22.719 -49.077 -23.571 -20.969 0 0
 -25.782 -25.991 -49.077 -23.492 -23.940 0 0
 -25.782 -29.454 -49.078 -23.403 -27.059 0 0
 -29.197 28.708 -49.064 -26.637 26.688 0 0
 -29.197 25.288 -49.065 -26.710 23.590 0 0
 -29.197 22.053 -49.065 -26.776 20.633 0 0
 -29.197 18.969 -49.065 -26.832 17.797 0 0
 -29.197 16.010 -49.066 -26.881 15.059 0 0
 -29.197 13.153 -49.066 -26.921 12.404 0 0
 -29.198 10.377 -49.066 -26.952 9.814 0 0
 -29.198 7.663 -49.066 -26.975 7.276 0 0
 -29.198 4.994 -49.067 -26.989 4.775 0 0
 -29.198 2.353 -49.067 -26.995 2.299 0 0
 -29.198 -0.273 -49.067 -26.992 -0.164 0 0
 -29.199 -2.902 -49.068 -26.980 -2.628 0 0
 -29.199 -5.547 -49.068 -26.960 -5.104 0 0
 -29.199 -8.224 -49.068 -26.930 -7.605 0 0
 -29.199 -10.950 -49.068 -26.892 -10.144 0 0
 -29.199 -13.742 -49.069 -26.845 -12.736 0 0
 -29.199 -16.618 -49.069 -26.789 -15.395 0 0
 -29.200 -19.602 -49.069 -26.723 -18.138 0 0
 -29.200 -22.715 -49.070 -26.648 -20.985 0 0
 -29.200 -25.987 -49.070 -26.563 -23.955 0 0
 -29.200 -29.450 -49.070 -26.467 -27.075 0 0
